/*--------------------------------*- C++ -*----------------------------------*\
| =========                 |                                                 |
| \\      /  F ield         | OpenFOAM: The Open Source CFD Toolbox           |
|  \\    /   O peration     | Version:  2406                                  |
|   \\  /    A nd           | Website:  www.openfoam.com                      |
|    \\/     M anipulation  |                                                 |
\*---------------------------------------------------------------------------*/
FoamFile
{
    version     2.0;
    format      ascii;
    arch        "LSB;label=32;scalar=64";
    class       vectorField;
    location    "constant/polyMesh";
    object      points;
}
// * * * * * * * * * * * * * * * * * * * * * * * * * * * * * * * * * * * * * //


804
(
(0 0 0)
(1 0 0)
(0 0.0003950430838 0)
(1 0.0003950430838 0)
(0 0.0008060089727 0)
(1 0.0008060089727 0)
(0 0.001233539459 0)
(1 0.001233539459 0)
(0 0.001678302205 0)
(1 0.001678302205 0)
(0 0.002140991781 0)
(1 0.002140991781 0)
(0 0.002622330756 0)
(1 0.002622330756 0)
(0 0.003123070821 0)
(1 0.003123070821 0)
(0 0.003643993968 0)
(1 0.003643993968 0)
(0 0.004185913704 0)
(1 0.004185913704 0)
(0 0.00474967633 0)
(1 0.00474967633 0)
(0 0.005336162256 0)
(1 0.005336162256 0)
(0 0.005946287378 0)
(1 0.005946287378 0)
(0 0.006581004511 0)
(1 0.006581004511 0)
(0 0.007241304871 0)
(1 0.007241304871 0)
(0 0.007928219629 0)
(1 0.007928219629 0)
(0 0.008642821519 0)
(1 0.008642821519 0)
(0 0.009386226512 0)
(1 0.009386226512 0)
(0 0.01015959556 0)
(1 0.01015959556 0)
(0 0.01096413641 0)
(1 0.01096413641 0)
(0 0.01180110549 0)
(1 0.01180110549 0)
(0 0.01267180986 0)
(1 0.01267180986 0)
(0 0.01357760928 0)
(1 0.01357760928 0)
(0 0.01451991831 0)
(1 0.01451991831 0)
(0 0.01550020853 0)
(1 0.01550020853 0)
(0 0.01652001081 0)
(1 0.01652001081 0)
(0 0.01758091775 0)
(1 0.01758091775 0)
(0 0.01868458614 0)
(1 0.01868458614 0)
(0 0.01983273955 0)
(1 0.01983273955 0)
(0 0.021027171 0)
(1 0.021027171 0)
(0 0.02226974581 0)
(1 0.02226974581 0)
(0 0.02356240447 0)
(1 0.02356240447 0)
(0 0.02490716567 0)
(1 0.02490716567 0)
(0 0.0263061295 0)
(1 0.0263061295 0)
(0 0.02776148066 0)
(1 0.02776148066 0)
(0 0.02927549194 0)
(1 0.02927549194 0)
(0 0.03085052772 0)
(1 0.03085052772 0)
(0 0.03248904768 0)
(1 0.03248904768 0)
(0 0.03419361066 0)
(1 0.03419361066 0)
(0 0.0359668786 0)
(1 0.0359668786 0)
(0 0.03781162077 0)
(1 0.03781162077 0)
(0 0.03973071805 0)
(1 0.03973071805 0)
(0 0.04172716743 0)
(1 0.04172716743 0)
(0 0.04380408671 0)
(1 0.04380408671 0)
(0 0.04596471933 0)
(1 0.04596471933 0)
(0 0.0482124395 0)
(1 0.0482124395 0)
(0 0.05055075741 0)
(1 0.05055075741 0)
(0 0.05298332473 0)
(1 0.05298332473 0)
(0 0.05551394034 0)
(1 0.05551394034 0)
(0 0.05814655621 0)
(1 0.05814655621 0)
(0 0.06088528362 0)
(1 0.06088528362 0)
(0 0.06373439955 0)
(1 0.06373439955 0)
(0 0.06669835339 0)
(1 0.06669835339 0)
(0 0.06978177383 0)
(1 0.06978177383 0)
(0 0.07298947617 0)
(1 0.07298947617 0)
(0 0.07632646978 0)
(1 0.07632646978 0)
(0 0.07979796592 0)
(1 0.07979796592 0)
(0 0.08340938594 0)
(1 0.08340938594 0)
(0 0.08716636966 0)
(1 0.08716636966 0)
(0 0.09107478426 0)
(1 0.09107478426 0)
(0 0.09514073339 0)
(1 0.09514073339 0)
(0 0.0993705667 0)
(1 0.0993705667 0)
(0 0.1037708898 0)
(1 0.1037708898 0)
(0 0.1083485745 0)
(1 0.1083485745 0)
(0 0.1131107697 0)
(1 0.1131107697 0)
(0 0.1180649124 0)
(1 0.1180649124 0)
(0 0.1232187392 0)
(1 0.1232187392 0)
(0 0.1285802987 0)
(1 0.1285802987 0)
(0 0.1341579639 0)
(1 0.1341579639 0)
(0 0.1399604454 0)
(1 0.1399604454 0)
(0 0.1459968045 0)
(1 0.1459968045 0)
(0 0.1522764682 0)
(1 0.1522764682 0)
(0 0.1588092432 0)
(1 0.1588092432 0)
(0 0.1656053314 0)
(1 0.1656053314 0)
(0 0.1726753463 0)
(1 0.1726753463 0)
(0 0.1800303287 0)
(1 0.1800303287 0)
(0 0.1876817647 0)
(1 0.1876817647 0)
(0 0.1956416033 0)
(1 0.1956416033 0)
(0 0.2039222752 0)
(1 0.2039222752 0)
(0 0.2125367121 0)
(1 0.2125367121 0)
(0 0.2214983667 0)
(1 0.2214983667 0)
(0 0.2308212343 0)
(1 0.2308212343 0)
(0 0.2405198741 0)
(1 0.2405198741 0)
(0 0.2506094322 0)
(1 0.2506094322 0)
(0 0.261105665 0)
(1 0.261105665 0)
(0 0.2720249643 0)
(1 0.2720249643 0)
(0 0.2833843823 0)
(1 0.2833843823 0)
(0 0.2952016588 0)
(1 0.2952016588 0)
(0 0.3074952483 0)
(1 0.3074952483 0)
(0 0.3202843495 0)
(1 0.3202843495 0)
(0 0.3335889346 0)
(1 0.3335889346 0)
(0 0.347429781 0)
(1 0.347429781 0)
(0 0.3618285035 0)
(1 0.3618285035 0)
(0 0.3768075881 0)
(1 0.3768075881 0)
(0 0.3923904273 0)
(1 0.3923904273 0)
(0 0.4086013562 0)
(1 0.4086013562 0)
(0 0.4254656909 0)
(1 0.4254656909 0)
(0 0.443009768 0)
(1 0.443009768 0)
(0 0.4612609856 0)
(1 0.4612609856 0)
(0 0.4802478458 0)
(1 0.4802478458 0)
(0 0.5 0)
(1 0.5 0)
(0 0.5197521542 0)
(1 0.5197521542 0)
(0 0.5387390144 0)
(1 0.5387390144 0)
(0 0.556990232 0)
(1 0.556990232 0)
(0 0.5745343091 0)
(1 0.5745343091 0)
(0 0.5913986438 0)
(1 0.5913986438 0)
(0 0.6076095727 0)
(1 0.6076095727 0)
(0 0.6231924119 0)
(1 0.6231924119 0)
(0 0.6381714965 0)
(1 0.6381714965 0)
(0 0.652570219 0)
(1 0.652570219 0)
(0 0.6664110654 0)
(1 0.6664110654 0)
(0 0.6797156505 0)
(1 0.6797156505 0)
(0 0.6925047517 0)
(1 0.6925047517 0)
(0 0.7047983412 0)
(1 0.7047983412 0)
(0 0.7166156177 0)
(1 0.7166156177 0)
(0 0.7279750357 0)
(1 0.7279750357 0)
(0 0.738894335 0)
(1 0.738894335 0)
(0 0.7493905678 0)
(1 0.7493905678 0)
(0 0.7594801259 0)
(1 0.7594801259 0)
(0 0.7691787657 0)
(1 0.7691787657 0)
(0 0.7785016333 0)
(1 0.7785016333 0)
(0 0.7874632879 0)
(1 0.7874632879 0)
(0 0.7960777248 0)
(1 0.7960777248 0)
(0 0.8043583967 0)
(1 0.8043583967 0)
(0 0.8123182353 0)
(1 0.8123182353 0)
(0 0.8199696713 0)
(1 0.8199696713 0)
(0 0.8273246537 0)
(1 0.8273246537 0)
(0 0.8343946686 0)
(1 0.8343946686 0)
(0 0.8411907568 0)
(1 0.8411907568 0)
(0 0.8477235318 0)
(1 0.8477235318 0)
(0 0.8540031955 0)
(1 0.8540031955 0)
(0 0.8600395546 0)
(1 0.8600395546 0)
(0 0.8658420361 0)
(1 0.8658420361 0)
(0 0.8714197013 0)
(1 0.8714197013 0)
(0 0.8767812608 0)
(1 0.8767812608 0)
(0 0.8819350876 0)
(1 0.8819350876 0)
(0 0.8868892303 0)
(1 0.8868892303 0)
(0 0.8916514255 0)
(1 0.8916514255 0)
(0 0.8962291102 0)
(1 0.8962291102 0)
(0 0.9006294333 0)
(1 0.9006294333 0)
(0 0.9048592666 0)
(1 0.9048592666 0)
(0 0.9089252157 0)
(1 0.9089252157 0)
(0 0.9128336303 0)
(1 0.9128336303 0)
(0 0.9165906141 0)
(1 0.9165906141 0)
(0 0.9202020341 0)
(1 0.9202020341 0)
(0 0.9236735302 0)
(1 0.9236735302 0)
(0 0.9270105238 0)
(1 0.9270105238 0)
(0 0.9302182262 0)
(1 0.9302182262 0)
(0 0.9333016466 0)
(1 0.9333016466 0)
(0 0.9362656004 0)
(1 0.9362656004 0)
(0 0.9391147164 0)
(1 0.9391147164 0)
(0 0.9418534438 0)
(1 0.9418534438 0)
(0 0.9444860597 0)
(1 0.9444860597 0)
(0 0.9470166753 0)
(1 0.9470166753 0)
(0 0.9494492426 0)
(1 0.9494492426 0)
(0 0.9517875605 0)
(1 0.9517875605 0)
(0 0.9540352807 0)
(1 0.9540352807 0)
(0 0.9561959133 0)
(1 0.9561959133 0)
(0 0.9582728326 0)
(1 0.9582728326 0)
(0 0.9602692819 0)
(1 0.9602692819 0)
(0 0.9621883792 0)
(1 0.9621883792 0)
(0 0.9640331214 0)
(1 0.9640331214 0)
(0 0.9658063893 0)
(1 0.9658063893 0)
(0 0.9675109523 0)
(1 0.9675109523 0)
(0 0.9691494723 0)
(1 0.9691494723 0)
(0 0.9707245081 0)
(1 0.9707245081 0)
(0 0.9722385193 0)
(1 0.9722385193 0)
(0 0.9736938705 0)
(1 0.9736938705 0)
(0 0.9750928343 0)
(1 0.9750928343 0)
(0 0.9764375955 0)
(1 0.9764375955 0)
(0 0.9777302542 0)
(1 0.9777302542 0)
(0 0.978972829 0)
(1 0.978972829 0)
(0 0.9801672605 0)
(1 0.9801672605 0)
(0 0.9813154139 0)
(1 0.9813154139 0)
(0 0.9824190822 0)
(1 0.9824190822 0)
(0 0.9834799892 0)
(1 0.9834799892 0)
(0 0.9844997915 0)
(1 0.9844997915 0)
(0 0.9854800817 0)
(1 0.9854800817 0)
(0 0.9864223907 0)
(1 0.9864223907 0)
(0 0.9873281901 0)
(1 0.9873281901 0)
(0 0.9881988945 0)
(1 0.9881988945 0)
(0 0.9890358636 0)
(1 0.9890358636 0)
(0 0.9898404044 0)
(1 0.9898404044 0)
(0 0.9906137735 0)
(1 0.9906137735 0)
(0 0.9913571785 0)
(1 0.9913571785 0)
(0 0.9920717804 0)
(1 0.9920717804 0)
(0 0.9927586951 0)
(1 0.9927586951 0)
(0 0.9934189955 0)
(1 0.9934189955 0)
(0 0.9940537126 0)
(1 0.9940537126 0)
(0 0.9946638377 0)
(1 0.9946638377 0)
(0 0.9952503237 0)
(1 0.9952503237 0)
(0 0.9958140863 0)
(1 0.9958140863 0)
(0 0.996356006 0)
(1 0.996356006 0)
(0 0.9968769292 0)
(1 0.9968769292 0)
(0 0.9973776692 0)
(1 0.9973776692 0)
(0 0.9978590082 0)
(1 0.9978590082 0)
(0 0.9983216978 0)
(1 0.9983216978 0)
(0 0.9987664605 0)
(1 0.9987664605 0)
(0 0.999193991 0)
(1 0.999193991 0)
(0 0.9996049569 0)
(1 0.9996049569 0)
(0 1 0)
(1 1 0)
(0 0 1)
(1 0 1)
(0 0.0003950430838 1)
(1 0.0003950430838 1)
(0 0.0008060089727 1)
(1 0.0008060089727 1)
(0 0.001233539459 1)
(1 0.001233539459 1)
(0 0.001678302205 1)
(1 0.001678302205 1)
(0 0.002140991781 1)
(1 0.002140991781 1)
(0 0.002622330756 1)
(1 0.002622330756 1)
(0 0.003123070821 1)
(1 0.003123070821 1)
(0 0.003643993968 1)
(1 0.003643993968 1)
(0 0.004185913704 1)
(1 0.004185913704 1)
(0 0.00474967633 1)
(1 0.00474967633 1)
(0 0.005336162256 1)
(1 0.005336162256 1)
(0 0.005946287378 1)
(1 0.005946287378 1)
(0 0.006581004511 1)
(1 0.006581004511 1)
(0 0.007241304871 1)
(1 0.007241304871 1)
(0 0.007928219629 1)
(1 0.007928219629 1)
(0 0.008642821519 1)
(1 0.008642821519 1)
(0 0.009386226512 1)
(1 0.009386226512 1)
(0 0.01015959556 1)
(1 0.01015959556 1)
(0 0.01096413641 1)
(1 0.01096413641 1)
(0 0.01180110549 1)
(1 0.01180110549 1)
(0 0.01267180986 1)
(1 0.01267180986 1)
(0 0.01357760928 1)
(1 0.01357760928 1)
(0 0.01451991831 1)
(1 0.01451991831 1)
(0 0.01550020853 1)
(1 0.01550020853 1)
(0 0.01652001081 1)
(1 0.01652001081 1)
(0 0.01758091775 1)
(1 0.01758091775 1)
(0 0.01868458614 1)
(1 0.01868458614 1)
(0 0.01983273955 1)
(1 0.01983273955 1)
(0 0.021027171 1)
(1 0.021027171 1)
(0 0.02226974581 1)
(1 0.02226974581 1)
(0 0.02356240447 1)
(1 0.02356240447 1)
(0 0.02490716567 1)
(1 0.02490716567 1)
(0 0.0263061295 1)
(1 0.0263061295 1)
(0 0.02776148066 1)
(1 0.02776148066 1)
(0 0.02927549194 1)
(1 0.02927549194 1)
(0 0.03085052772 1)
(1 0.03085052772 1)
(0 0.03248904768 1)
(1 0.03248904768 1)
(0 0.03419361066 1)
(1 0.03419361066 1)
(0 0.0359668786 1)
(1 0.0359668786 1)
(0 0.03781162077 1)
(1 0.03781162077 1)
(0 0.03973071805 1)
(1 0.03973071805 1)
(0 0.04172716743 1)
(1 0.04172716743 1)
(0 0.04380408671 1)
(1 0.04380408671 1)
(0 0.04596471933 1)
(1 0.04596471933 1)
(0 0.0482124395 1)
(1 0.0482124395 1)
(0 0.05055075741 1)
(1 0.05055075741 1)
(0 0.05298332473 1)
(1 0.05298332473 1)
(0 0.05551394034 1)
(1 0.05551394034 1)
(0 0.05814655621 1)
(1 0.05814655621 1)
(0 0.06088528362 1)
(1 0.06088528362 1)
(0 0.06373439955 1)
(1 0.06373439955 1)
(0 0.06669835339 1)
(1 0.06669835339 1)
(0 0.06978177383 1)
(1 0.06978177383 1)
(0 0.07298947617 1)
(1 0.07298947617 1)
(0 0.07632646978 1)
(1 0.07632646978 1)
(0 0.07979796592 1)
(1 0.07979796592 1)
(0 0.08340938594 1)
(1 0.08340938594 1)
(0 0.08716636966 1)
(1 0.08716636966 1)
(0 0.09107478426 1)
(1 0.09107478426 1)
(0 0.09514073339 1)
(1 0.09514073339 1)
(0 0.0993705667 1)
(1 0.0993705667 1)
(0 0.1037708898 1)
(1 0.1037708898 1)
(0 0.1083485745 1)
(1 0.1083485745 1)
(0 0.1131107697 1)
(1 0.1131107697 1)
(0 0.1180649124 1)
(1 0.1180649124 1)
(0 0.1232187392 1)
(1 0.1232187392 1)
(0 0.1285802987 1)
(1 0.1285802987 1)
(0 0.1341579639 1)
(1 0.1341579639 1)
(0 0.1399604454 1)
(1 0.1399604454 1)
(0 0.1459968045 1)
(1 0.1459968045 1)
(0 0.1522764682 1)
(1 0.1522764682 1)
(0 0.1588092432 1)
(1 0.1588092432 1)
(0 0.1656053314 1)
(1 0.1656053314 1)
(0 0.1726753463 1)
(1 0.1726753463 1)
(0 0.1800303287 1)
(1 0.1800303287 1)
(0 0.1876817647 1)
(1 0.1876817647 1)
(0 0.1956416033 1)
(1 0.1956416033 1)
(0 0.2039222752 1)
(1 0.2039222752 1)
(0 0.2125367121 1)
(1 0.2125367121 1)
(0 0.2214983667 1)
(1 0.2214983667 1)
(0 0.2308212343 1)
(1 0.2308212343 1)
(0 0.2405198741 1)
(1 0.2405198741 1)
(0 0.2506094322 1)
(1 0.2506094322 1)
(0 0.261105665 1)
(1 0.261105665 1)
(0 0.2720249643 1)
(1 0.2720249643 1)
(0 0.2833843823 1)
(1 0.2833843823 1)
(0 0.2952016588 1)
(1 0.2952016588 1)
(0 0.3074952483 1)
(1 0.3074952483 1)
(0 0.3202843495 1)
(1 0.3202843495 1)
(0 0.3335889346 1)
(1 0.3335889346 1)
(0 0.347429781 1)
(1 0.347429781 1)
(0 0.3618285035 1)
(1 0.3618285035 1)
(0 0.3768075881 1)
(1 0.3768075881 1)
(0 0.3923904273 1)
(1 0.3923904273 1)
(0 0.4086013562 1)
(1 0.4086013562 1)
(0 0.4254656909 1)
(1 0.4254656909 1)
(0 0.443009768 1)
(1 0.443009768 1)
(0 0.4612609856 1)
(1 0.4612609856 1)
(0 0.4802478458 1)
(1 0.4802478458 1)
(0 0.5 1)
(1 0.5 1)
(0 0.5197521542 1)
(1 0.5197521542 1)
(0 0.5387390144 1)
(1 0.5387390144 1)
(0 0.556990232 1)
(1 0.556990232 1)
(0 0.5745343091 1)
(1 0.5745343091 1)
(0 0.5913986438 1)
(1 0.5913986438 1)
(0 0.6076095727 1)
(1 0.6076095727 1)
(0 0.6231924119 1)
(1 0.6231924119 1)
(0 0.6381714965 1)
(1 0.6381714965 1)
(0 0.652570219 1)
(1 0.652570219 1)
(0 0.6664110654 1)
(1 0.6664110654 1)
(0 0.6797156505 1)
(1 0.6797156505 1)
(0 0.6925047517 1)
(1 0.6925047517 1)
(0 0.7047983412 1)
(1 0.7047983412 1)
(0 0.7166156177 1)
(1 0.7166156177 1)
(0 0.7279750357 1)
(1 0.7279750357 1)
(0 0.738894335 1)
(1 0.738894335 1)
(0 0.7493905678 1)
(1 0.7493905678 1)
(0 0.7594801259 1)
(1 0.7594801259 1)
(0 0.7691787657 1)
(1 0.7691787657 1)
(0 0.7785016333 1)
(1 0.7785016333 1)
(0 0.7874632879 1)
(1 0.7874632879 1)
(0 0.7960777248 1)
(1 0.7960777248 1)
(0 0.8043583967 1)
(1 0.8043583967 1)
(0 0.8123182353 1)
(1 0.8123182353 1)
(0 0.8199696713 1)
(1 0.8199696713 1)
(0 0.8273246537 1)
(1 0.8273246537 1)
(0 0.8343946686 1)
(1 0.8343946686 1)
(0 0.8411907568 1)
(1 0.8411907568 1)
(0 0.8477235318 1)
(1 0.8477235318 1)
(0 0.8540031955 1)
(1 0.8540031955 1)
(0 0.8600395546 1)
(1 0.8600395546 1)
(0 0.8658420361 1)
(1 0.8658420361 1)
(0 0.8714197013 1)
(1 0.8714197013 1)
(0 0.8767812608 1)
(1 0.8767812608 1)
(0 0.8819350876 1)
(1 0.8819350876 1)
(0 0.8868892303 1)
(1 0.8868892303 1)
(0 0.8916514255 1)
(1 0.8916514255 1)
(0 0.8962291102 1)
(1 0.8962291102 1)
(0 0.9006294333 1)
(1 0.9006294333 1)
(0 0.9048592666 1)
(1 0.9048592666 1)
(0 0.9089252157 1)
(1 0.9089252157 1)
(0 0.9128336303 1)
(1 0.9128336303 1)
(0 0.9165906141 1)
(1 0.9165906141 1)
(0 0.9202020341 1)
(1 0.9202020341 1)
(0 0.9236735302 1)
(1 0.9236735302 1)
(0 0.9270105238 1)
(1 0.9270105238 1)
(0 0.9302182262 1)
(1 0.9302182262 1)
(0 0.9333016466 1)
(1 0.9333016466 1)
(0 0.9362656004 1)
(1 0.9362656004 1)
(0 0.9391147164 1)
(1 0.9391147164 1)
(0 0.9418534438 1)
(1 0.9418534438 1)
(0 0.9444860597 1)
(1 0.9444860597 1)
(0 0.9470166753 1)
(1 0.9470166753 1)
(0 0.9494492426 1)
(1 0.9494492426 1)
(0 0.9517875605 1)
(1 0.9517875605 1)
(0 0.9540352807 1)
(1 0.9540352807 1)
(0 0.9561959133 1)
(1 0.9561959133 1)
(0 0.9582728326 1)
(1 0.9582728326 1)
(0 0.9602692819 1)
(1 0.9602692819 1)
(0 0.9621883792 1)
(1 0.9621883792 1)
(0 0.9640331214 1)
(1 0.9640331214 1)
(0 0.9658063893 1)
(1 0.9658063893 1)
(0 0.9675109523 1)
(1 0.9675109523 1)
(0 0.9691494723 1)
(1 0.9691494723 1)
(0 0.9707245081 1)
(1 0.9707245081 1)
(0 0.9722385193 1)
(1 0.9722385193 1)
(0 0.9736938705 1)
(1 0.9736938705 1)
(0 0.9750928343 1)
(1 0.9750928343 1)
(0 0.9764375955 1)
(1 0.9764375955 1)
(0 0.9777302542 1)
(1 0.9777302542 1)
(0 0.978972829 1)
(1 0.978972829 1)
(0 0.9801672605 1)
(1 0.9801672605 1)
(0 0.9813154139 1)
(1 0.9813154139 1)
(0 0.9824190822 1)
(1 0.9824190822 1)
(0 0.9834799892 1)
(1 0.9834799892 1)
(0 0.9844997915 1)
(1 0.9844997915 1)
(0 0.9854800817 1)
(1 0.9854800817 1)
(0 0.9864223907 1)
(1 0.9864223907 1)
(0 0.9873281901 1)
(1 0.9873281901 1)
(0 0.9881988945 1)
(1 0.9881988945 1)
(0 0.9890358636 1)
(1 0.9890358636 1)
(0 0.9898404044 1)
(1 0.9898404044 1)
(0 0.9906137735 1)
(1 0.9906137735 1)
(0 0.9913571785 1)
(1 0.9913571785 1)
(0 0.9920717804 1)
(1 0.9920717804 1)
(0 0.9927586951 1)
(1 0.9927586951 1)
(0 0.9934189955 1)
(1 0.9934189955 1)
(0 0.9940537126 1)
(1 0.9940537126 1)
(0 0.9946638377 1)
(1 0.9946638377 1)
(0 0.9952503237 1)
(1 0.9952503237 1)
(0 0.9958140863 1)
(1 0.9958140863 1)
(0 0.996356006 1)
(1 0.996356006 1)
(0 0.9968769292 1)
(1 0.9968769292 1)
(0 0.9973776692 1)
(1 0.9973776692 1)
(0 0.9978590082 1)
(1 0.9978590082 1)
(0 0.9983216978 1)
(1 0.9983216978 1)
(0 0.9987664605 1)
(1 0.9987664605 1)
(0 0.999193991 1)
(1 0.999193991 1)
(0 0.9996049569 1)
(1 0.9996049569 1)
(0 1 1)
(1 1 1)
)


// ************************************************************************* //
